100 50
901880 943836 110955 628111 180946 99323 759645 938289 299135 366963 345372 445909 962765 612760 843975 730597 766655 527158 356312 624278 378054 815890 252934 598416 457466 127189 622010 916273 89643 476471 363099 111620 788773 731978 853512 537366 403728 185443 994441 164265 627260 593018 659523 895706 669720 734490 367048 118519 842489 700884 
468076 727482 982478 87232 79001 618235 549949 183253 280787 255366 680843 672568 878867 730753 877131 140684 250816 106839 108007 690136 685145 456263 491439 213139 770445 729896 570127 199629 849715 563309 98416 89361 287014 477520 397918 348248 565596 148091 50100 527282 10624 975878 397253 575446 861825 414874 653372 906027 987197 766611 
971313 72802 933967 937636 551838 558850 11157 409769 108094 856569 565835 695349 833958 2556 298192 112703 544911 943784 82658 210551 132012 89040 493490 922692 700401 4849 859335 698196 158531 374854 109138 31125 519775 140840 984128 354928 251880 52465 446162 822328 755228 261077 697706 283796 986701 494794 633768 548615 883978 599557 
570419 154178 520207 825438 366892 963323 626238 625067 688868 210476 674016 731205 86956 990883 26958 746134 628649 742057 577394 920561 579365 344708 280119 734052 800380 409668 989758 692105 367363 721119 747354 74509 154051 637857 805256 513554 164850 912506 417734 633179 872302 281130 387450 36520 573507 814182 104542 638897 130900 947132 
965099 361937 880704 839288 342342 949553 793740 924113 373504 370175 236404 230872 694147 449675 923736 156906 83647 299061 466685 995505 627327 17422 878420 84092 791228 303339 581645 835435 962711 10313 322534 86606 642658 502747 648326 465926 977437 426085 66079 157038 667045 217290 707359 587838 460173 827672 382702 375429 743980 717477 
454066 171318 592061 741777 954282 554611 447146 780879 884967 106372 415526 568619 282537 887295 315748 684296 767759 594652 136485 76876 507506 823413 369435 790738 272520 853494 943231 418537 474584 432435 748112 657541 529951 420920 76463 763805 788481 447575 691967 737714 337805 407258 909128 528969 557904 597255 595166 374243 873366 858991 
868872 388881 254669 422877 121764 791755 941649 478387 111916 672130 181210 606193 281115 141777 406454 47082 423441 624715 148713 914967 925030 515441 141254 22535 8038 697623 769417 281700 641130 615245 762529 97329 740124 230233 196593 205424 294031 626152 157525 124417 643817 195180 749730 825971 972621 708834 165099 397015 785798 676308 
307124 819657 716809 630552 659556 238780 276562 333067 702723 535298 800852 852009 889838 481386 851663 255907 183350 632409 313373 945936 632694 330655 468086 840367 356095 147000 680527 447911 853338 772531 780881 61709 424077 393142 7367 241772 743046 441259 411693 659219 992557 452871 913360 192448 957095 313619 271862 438777 484060 255707 
253964 965647 958858 151101 401015 669061 959826 725925 640865 895881 195272 585139 99348 557691 472762 181534 754075 674948 850962 52301 758134 173790 637148 690820 641098 717246 668001 264959 619297 752653 632699 854488 120205 89644 575683 879610 532547 868877 748939 129201 132517 454511 95716 386643 63459 999708 247126 795289 856495 332189 
605446 706669 29524 94532 695212 550857 848711 170250 660000 141641 835358 66536 920166 985152 670046 886908 745887 173239 669460 288326 958854 587579 99966 384184 530752 467129 137681 815374 489118 306225 327381 6143 186250 869920 56057 98479 123002 232535 712489 215042 265059 232780 17221 997624 917742 352657 115412 975396 343776 962129 
3193 9557 707485 954310 69081 671273 554058 202558 620950 152458 168695 362132 991185 877952 739436 445539 577535 454466 149400 418504 121233 961882 114025 816743 953352 786736 677845 8992 824538 275582 939004 869478 710362 91872 319135 490723 196112 829229 922212 648308 895238 395224 483624 881289 695275 625673 65268 185113 972646 826858 
220845 851863 775121 199757 642768 781727 938079 551602 346219 123897 498380 593523 192345 596451 810904 623387 288114 361763 189883 310342 283724 553941 512054 17681 157442 982451 502739 585706 237341 30787 264187 690965 855083 263865 641449 960797 922862 834222 643154 714154 962149 9804 652876 949571 541131 682610 868122 936587 621667 7503 
744960 87141 476416 967901 701119 246283 422395 985197 160061 235920 480563 274281 626489 276578 721140 142193 558279 971722 605462 339066 465753 554685 966006 142337 910255 944684 835249 66364 338332 50015 400440 665109 240521 11537 731948 275730 922688 423000 824462 341951 397802 162153 998480 564713 591516 252355 393595 553240 963657 744421 
415249 863079 416232 538327 187616 955703 356439 345242 201473 301542 552723 220328 48225 188358 563752 850867 117549 761318 586024 281673 827961 226289 785107 843827 780111 563757 915838 595445 952625 412765 32142 166230 626190 230611 323798 616179 166842 974716 5436 702942 5569 220244 610772 186682 617912 423952 901971 278404 24947 853302 
211128 944891 110684 40835 731056 55246 428950 979455 749134 128453 95342 385223 614728 237652 70205 491570 183314 119569 308507 761042 82449 877074 153180 750790 728069 354196 724187 592683 748464 176045 72195 140607 278135 850057 14490 196603 437778 960511 368791 562602 665498 538713 92966 726031 82637 759823 124741 458387 979058 629502 
627180 62491 652229 627301 966559 574341 75886 408652 868667 564326 810668 316146 842599 615008 212971 309326 865987 771186 131654 993985 901402 760832 913159 283206 532111 260202 873107 839805 561538 820363 122231 334573 617462 56097 404075 368382 645064 523810 160115 363506 594094 327657 48740 971764 234661 653855 243618 351004 640423 217940 
991364 664736 939995 582796 577209 730438 670173 408887 137704 637978 392252 318485 248925 185963 282089 883155 808490 192689 937216 970497 149318 212278 501015 726585 784837 722827 655091 704578 276871 929732 374537 454997 515292 803215 190590 486664 175535 233585 980970 223166 79345 990232 336738 151204 348859 521863 843526 685277 188672 90220 
769176 305054 269394 620033 527256 259495 639736 633099 659372 364832 564556 458234 196103 685361 104156 570826 75304 737438 450626 78490 366517 417850 946630 431796 467768 510244 882333 311979 646546 692494 102293 381792 792119 241469 597125 987813 723217 105981 87523 110068 4140 385092 185364 232752 804686 410646 61636 415569 397583 44429 
150881 847801 899809 726724 183658 998881 362575 117051 916235 549866 328000 470293 254449 397327 218589 356729 545367 893974 14495 940665 268036 933050 15246 353426 521246 450870 215422 843182 264943 981243 84613 598439 901081 942607 225818 873963 283510 105110 118304 147719 10262 217023 516556 347464 726386 980948 113131 506601 321990 121 
924407 741784 968674 212293 876872 671567 398434 560491 870704 729007 200411 301157 669185 721222 913285 400885 452921 713200 897460 291309 479796 347043 521861 328002 743234 696887 744386 976990 668235 217834 219735 915078 534509 1772 657758 498972 18844 997460 483943 184874 61945 998140 246187 503992 437535 138949 33060 615322 997459 9582 
528750 764379 838720 741630 329271 669700 398637 527168 365271 414465 729768 532766 227654 339529 651042 951712 846658 332562 260287 446238 448786 317728 97137 130117 484677 565072 21789 308650 192439 201481 994149 348510 743469 544685 466405 860377 898776 263761 308570 32099 833818 629716 246665 337446 44934 583932 48184 216049 188938 731428 
251295 976302 179957 165801 101427 604471 298828 807180 615942 318309 323663 708884 313136 979223 528973 342131 86876 91964 243057 295212 97377 790921 710460 337216 309331 785522 150341 963463 734084 688387 312962 585593 724210 619033 578278 252989 782749 667305 623476 709800 865266 922585 85765 765886 72841 552960 165555 228608 287048 966985 
193397 429344 291977 608795 862085 933341 852513 976569 829016 151397 385918 362093 922811 327090 276115 733076 871299 270989 304308 641934 664643 615196 835808 55947 778509 300435 582395 79601 1624 377919 246679 219876 319927 489212 579224 838317 728255 622652 548086 34024 70550 816914 749091 718034 81347 965562 381745 222042 751855 841497 
171980 184169 329135 226123 568294 874523 54043 628617 481518 798501 201056 604721 118493 741971 837972 216173 222565 747743 889869 712140 978732 670467 960310 965991 838445 288136 637720 99312 524729 735078 533209 626966 994716 124073 983098 211200 919139 266942 737715 886106 141971 724662 281503 471008 157794 176102 580439 507624 361304 267678 
419380 367663 423179 313522 163485 877168 201963 813374 905886 346669 89110 465054 2942 625111 901277 497906 618912 168673 147145 523065 542139 954400 759223 657184 480410 102216 526717 399873 88433 959047 454118 959082 902497 120936 630073 939561 778201 168959 502950 275743 422757 702571 937993 361753 761612 78561 779399 208161 563945 579749 
168260 65153 965620 817115 199854 178641 501987 840722 746701 862600 747610 907094 529439 499047 860750 779768 329819 621685 258589 11364 342065 708914 234222 869804 697655 58950 920066 170820 618238 493925 186379 509666 770474 199515 391117 222679 427196 358816 465587 844113 339695 999110 870360 431982 137556 667467 178239 56245 17513 78574 
564667 994520 1474 473010 533655 319084 104427 758826 195428 478888 668909 12936 305784 615510 415617 143985 895429 920338 355611 109470 160855 885956 39426 18476 773522 851077 963186 16032 509953 371817 763845 123812 651669 258862 618052 46389 65023 563885 940472 704895 341332 511834 914550 353174 778534 188905 629612 377108 761646 351827 
236406 922965 240016 303060 206718 925075 706434 171270 240037 268816 121149 591033 466523 323951 333163 128685 932276 977093 734329 257186 291561 541353 692106 281992 998644 63139 631904 720625 662321 284016 515278 605049 621042 61633 829766 363519 480635 255022 877471 475642 949642 630235 255946 653814 89607 809697 530309 138936 201954 957410 
977303 794955 693177 641181 828841 600842 77984 736884 654696 594957 392119 631190 58626 695058 569607 423402 35311 425865 184593 722381 617928 424592 17029 510632 124117 665324 762985 469543 41787 204120 760781 583974 440089 782975 662885 913900 213482 1607 545152 74433 440859 953963 673617 672194 29868 526843 151051 986684 255195 737263 
319114 490506 627735 560030 698929 865436 279866 807484 840878 710754 364730 393521 277210 78751 580189 753705 957420 810296 997103 818889 971283 64613 270015 860055 302595 67884 672277 671117 15704 96154 757586 634911 608420 618404 980227 265391 598869 130882 562074 44362 945939 414720 342326 744187 747951 724521 505320 239272 894052 235923 
851077 528648 569566 415630 978684 26915 108443 552146 771837 763453 600915 727786 790203 163543 989785 148224 348219 754834 871745 949031 659685 922429 459722 632404 730999 298973 902135 363664 630059 157746 65633 989614 913594 461982 925951 112383 207677 15844 740506 48329 893297 911326 146526 250514 636847 292705 546428 630667 279744 872912 
711863 690575 240588 609530 702900 471353 25956 558975 900304 97600 104179 824691 703937 856573 930532 589092 349470 255210 261665 677259 865903 744050 740589 509284 831338 200219 326976 302850 340852 920395 243162 681336 793969 667922 166342 595057 746951 12190 623579 128181 12228 146299 141077 575241 724374 391896 885813 82455 331563 124898 
792323 795527 902648 137749 863916 222986 549342 283285 961074 397387 276082 978915 51749 572122 719984 501495 598958 239857 938218 529844 336134 577545 489957 50431 730363 235963 775047 31586 47513 545338 187831 103147 351414 518087 734864 829761 272608 91840 786255 714975 341078 429334 83298 862221 812912 999281 105388 162214 406340 824513 
923408 8388 14517 455116 571056 283384 154187 823629 79028 684658 919481 616682 211776 640582 999502 343340 67439 277763 585023 763263 854137 175688 569248 378983 52599 882243 500496 342879 885473 370305 19857 464855 178503 135642 222481 756067 316767 497473 787186 397574 272887 956235 464337 226825 421487 747977 949371 796801 730879 628262 
929494 578350 419061 28805 814084 726972 551357 551641 525414 589764 498755 7079 381632 383145 683118 885039 389827 704791 904147 846345 628249 150944 819481 516717 639349 115322 460268 799809 752579 130194 734203 138189 972277 438201 72410 668744 101847 364270 934354 869804 363633 537471 778316 754897 538684 993044 348000 710815 215402 449207 
652731 234546 498923 682020 650069 626384 317957 559191 26652 494614 949631 270775 303417 887069 962099 437948 102677 423804 217394 770381 171646 485709 358624 684233 544405 832228 173494 812739 7365 226252 767051 431266 536101 149897 971704 366501 550315 346119 820338 105451 438429 535137 789631 207562 287530 646396 486431 456678 741203 391652 
37543 453690 950948 142165 924014 361132 73451 595125 333494 424280 456759 37958 943847 816686 439358 238795 300876 238484 19452 945834 341155 68282 359279 84424 393832 358700 747074 873838 504213 183585 818004 710732 662655 190957 782224 157319 730588 291094 566666 468377 8058 245263 184757 982785 511252 56945 546598 741989 343714 400076 
69237 258375 434284 142553 54758 484139 405098 639577 942397 596220 908132 433205 362902 270700 431337 725098 246590 433323 88186 103251 56708 853747 385757 807706 822941 581314 851118 215052 402460 828310 761258 206575 193023 111537 391559 939584 102326 818170 521229 279517 86573 496464 315345 353738 676359 647085 666626 15804 113544 551551 
817632 499 758170 16488 574048 27309 829450 274285 8130 691237 202365 624996 346771 813791 932324 950966 551152 135924 195278 497004 583825 287089 670627 57320 628304 769101 940924 175963 801330 229534 758527 514943 893581 796021 535831 584128 589848 700929 164666 711686 980930 538775 593049 797702 570567 784074 526683 706115 163031 441122 
258663 337730 242181 187634 26515 693961 195548 352323 969836 612640 87248 328354 616841 286342 589741 52157 955640 424626 751155 452289 515533 332943 698130 436886 53034 475896 541917 391113 560825 563551 216025 917734 301449 265919 137193 373006 445029 917775 179403 714998 886689 219470 540583 131753 456659 626626 293998 729189 154762 777643 
894575 26643 923241 206813 975996 564067 583977 698244 264698 201954 820531 1290 512470 466039 195341 893476 866100 192050 428824 871807 355305 262769 610812 983289 613514 607971 245125 152799 201938 288247 925304 538025 153493 34270 637739 335007 540059 812071 920462 477520 273526 887083 47693 757034 798043 672009 931235 86240 634458 778881 
454749 80223 203224 447330 267874 275639 472815 607452 254926 804017 39130 765751 429900 541768 123494 562266 583711 426671 747247 210097 658971 237431 624556 22531 395589 766075 714276 286436 550738 806092 865708 17232 739243 39145 2347 847227 67094 92578 704690 946816 56189 139151 465934 53127 453619 186418 500624 717907 309118 14602 
967228 529680 942456 797472 628704 885545 307154 181895 22157 984852 305438 728371 110697 984410 200917 543887 653613 883564 603760 441271 474074 809801 560549 566419 196135 719835 572095 717537 396824 480298 315850 152545 791946 119878 598842 532714 843123 714613 34774 198938 419805 826992 406938 325813 899984 128646 344567 518640 932800 226373 
880771 498414 70120 446229 494460 638546 409059 792094 539907 814046 798619 200576 827099 747661 319687 729092 292495 511863 216671 535401 862339 326935 663577 995092 573261 73030 96433 568104 650121 670161 784812 580681 99677 243133 521108 468673 334307 83468 368449 189787 567153 16078 396860 872941 132647 382271 564528 322674 800307 567446 
325554 804240 512241 794627 721841 491055 761178 37683 867816 771107 332910 830310 847111 140889 278639 988446 906486 449390 706472 699037 696939 30191 873843 469309 781514 316652 18088 352490 634366 91970 362151 993482 876989 865096 222795 753452 309889 719251 613829 820663 285788 443178 58879 340462 950646 489374 613864 440482 417586 277345 
433985 717139 336413 571559 939478 874740 322438 272013 527112 249893 169620 499608 659900 456949 604329 318665 127545 516530 588707 75418 948458 103165 524089 459166 32271 279477 268880 9209 718122 448994 880393 583613 804285 505243 709888 722660 793500 516285 830920 126698 822534 720522 115111 26890 556276 781287 439923 169579 128958 633228 
194531 107190 599050 770530 885747 548917 495469 24157 912742 637826 760275 606104 385590 248945 962653 967886 437017 683729 324392 484874 541550 798717 665167 974043 275521 756022 640392 539566 875348 153129 63975 38790 788148 127150 9239 362745 303275 490250 9202 372129 501991 350372 616272 417570 844717 264515 184592 542084 232296 490298 
47426 39338 736894 313536 377682 199423 161452 546766 903135 424119 522969 707937 939692 654120 52202 725970 354730 177582 103945 653767 77422 198955 919804 498868 754938 370936 269396 732314 279323 2144 657168 597485 713898 872713 906051 969168 894896 388447 137642 922061 362991 43398 272707 887190 102482 145206 488286 303209 351027 778026 
837012 2211 172554 71354 739212 935677 221989 729834 967347 246308 630940 618835 693927 428247 506063 408924 889876 77783 406495 603862 14350 125920 597964 494843 743138 206357 390226 300640 974751 361854 745243 274001 36367 162725 46164 786047 224528 173393 174235 778012 301145 968491 769431 857473 494860 823121 686055 369749 915027 800209 
509371 90399 110813 722401 167221 22625 777628 544077 655888 389051 130412 768342 403238 526221 458605 573551 417128 577739 268915 376348 927716 466907 774862 288249 176072 213228 115191 23288 987068 869776 540680 924168 63095 752369 11760 393126 755127 245354 615828 357330 236758 924865 533301 778155 454500 735280 719670 189110 22351 711834 
686443 452776 529775 183608 79345 84177 236218 544884 249184 303288 420146 870159 989634 240816 626694 294294 951326 965941 945236 231131 308555 836185 987442 54806 520807 938589 290332 466496 937789 39001 3171 23563 76364 108106 881652 265376 266187 635189 210262 893699 25417 88460 500884 609705 251980 792828 731440 666352 730835 650332 
135247 99095 531376 277787 103232 371458 374087 185228 670490 861850 982281 954134 599989 542328 397924 453705 182070 480220 465666 290879 784090 892896 189245 417794 101887 21665 786137 559977 137278 751646 710838 420696 74368 567331 279930 746863 417345 952300 854811 123511 33580 81866 674964 394402 815480 884174 393090 854358 985113 903420 
455650 79316 418006 266384 726426 667177 628075 892914 62566 129191 164203 56321 777371 290280 530991 595398 366069 263277 551810 859135 419481 213301 721471 562477 752633 685484 786882 795257 754740 551222 933916 627090 558826 616391 131258 138625 544604 752166 128888 747645 365075 781588 113558 129206 79862 147601 451982 89580 825317 833463 
925838 884719 507181 867434 282902 918153 925362 604675 146271 695920 109438 169163 870403 776365 397674 99280 365837 345214 529520 741525 52365 90225 293398 313702 507418 842679 360787 458112 794674 508214 602671 540662 36452 459340 234030 62252 499631 891769 506542 920436 619756 686715 175776 762048 368652 141876 13728 472827 187410 985872 
425083 774013 319996 397552 845504 826017 774592 361577 525090 331640 874035 740527 856776 906050 166932 388037 676132 896342 588507 403541 842097 838608 845834 684011 556505 806106 238954 617466 419084 804136 470618 651063 598098 662183 372890 760873 459828 551701 522812 699097 687869 443193 175884 954295 448968 148389 266549 822420 909706 499045 
8424 676152 970395 543108 181660 361464 626442 632419 454722 473212 105442 141223 449656 675133 169208 218134 185364 439013 813051 395757 437243 155749 283041 516188 139976 33223 302294 179355 578749 708067 269726 844941 374977 122626 248965 109145 154410 371746 530571 524497 852615 131124 172932 510105 533179 473620 87814 143003 555358 13157 
908201 388 371234 684868 13165 140411 803278 808328 511277 140053 972974 896818 491438 868577 817660 631770 706522 977111 199472 496644 821100 722640 275988 345214 340652 447367 112135 876374 601570 40456 679881 811612 820393 314648 767168 26260 84604 582401 108849 142417 200832 744989 472392 686328 472243 590674 742383 819585 973390 950008 
82383 546475 929425 134546 374983 317171 820195 518639 483832 370430 408708 888858 477575 898025 509035 771630 714820 585979 479849 126999 171217 192494 467613 830799 832454 369429 791670 162269 743184 267197 586596 819721 929154 704435 781374 553063 765622 656358 752926 69320 194984 393511 376391 187400 476222 400232 102720 103541 401431 463326 
611216 185945 582353 928112 25497 453735 823925 824974 621660 294083 194330 883720 532374 329197 106032 791884 423397 468150 316950 745015 285329 195960 184028 695943 415144 909641 796926 392541 296951 25658 619321 171159 339927 471706 742928 963685 171702 714544 493793 933807 415313 672929 912543 772626 377086 135321 505210 99711 273053 24950 
146668 989363 703086 94321 466526 845405 287817 272475 899597 433192 315435 36890 516283 302733 723693 71214 507354 95073 651948 213294 949162 673513 294036 742146 470186 101163 433890 837758 480960 753386 463668 2750 900550 718059 582879 117234 42710 177478 765048 238638 769755 814306 398586 918379 584486 200684 510952 948917 713124 835275 
653557 660539 341762 938159 713334 478305 184388 493257 295689 17862 786934 847343 811525 240585 443960 950475 197921 204872 593432 103816 341322 715329 194475 346301 560411 427895 425102 797436 341822 601703 181953 258454 560594 548444 606486 988288 596313 284305 460202 1452 915955 257478 452763 307218 727509 627556 716458 267495 128078 533583 
545531 503060 603529 172135 225366 677955 783305 631137 330975 492303 853545 440482 655067 400762 735465 959900 536885 283293 715866 168554 772960 196168 709802 541744 369924 278849 51842 422780 210204 183829 60783 824001 908494 719882 150120 491679 126292 914541 627418 12330 435743 78217 710577 119635 676013 623277 684847 476477 146288 231412 
881120 791636 968062 952215 363592 136742 338646 516800 124724 867990 889752 294069 339903 712025 312644 30737 434426 16878 961243 390440 874895 671874 784218 95259 60444 531736 175160 75743 977481 556572 30542 438025 527211 738383 438261 411437 545091 453950 333927 235588 997767 459466 555669 474293 925018 254683 180625 699380 739734 250288 
687517 931961 357685 742045 783215 813943 919457 644596 719339 662963 138983 43143 726511 444594 344072 7955 845440 930334 897944 887279 856632 224332 957809 280918 47287 570874 234922 742085 19085 747262 333006 134591 404046 588337 481846 670848 960837 660589 147888 360808 235054 101078 194523 465887 497529 376574 72947 36757 450441 837626 
774282 496488 462383 497487 354957 950187 869226 472076 967070 181670 41929 19628 630244 411178 186110 469580 157257 347180 496307 803208 618946 524383 778466 809898 358156 583322 823573 950707 749121 969305 803689 13553 433221 252674 446322 564069 421091 565868 629056 388109 937670 353883 580466 339988 351857 226223 435392 757086 363394 724925 
908799 740145 387227 678201 530977 634420 389502 372598 863214 702783 44064 582906 169073 751068 502569 323156 300356 877951 595293 468412 855670 523380 400190 949232 46951 128981 95617 835574 58033 260001 499877 556684 125608 374062 918602 2019 761335 384967 220777 429576 960457 779319 155098 972262 740161 858264 636867 604859 685719 153740 
979171 294775 277439 483941 406564 847998 105486 112087 903776 852588 519736 313384 545454 343423 241851 585981 950072 106438 490382 271877 337192 689907 189930 338765 282704 815490 649836 401170 415324 610525 299944 674225 514966 934206 120620 229345 899719 130307 547890 860072 607677 189538 294827 761054 160679 785864 754806 69459 848271 978661 
252816 608675 515900 616182 108638 587272 844977 740847 879863 323069 353029 876058 791879 991004 462321 263882 456181 201538 778410 845231 910881 262159 51271 158782 303253 860067 543389 652814 558442 393686 851661 955918 390673 6948 712575 930593 881665 721063 411058 596829 920258 633778 762349 900959 653726 654466 787202 876495 751910 900330 
622794 882200 811871 191960 37839 467109 173007 743189 812859 225910 296248 89255 37922 191733 689473 544727 379941 318451 26243 185670 184741 640913 586258 487316 824531 827601 496255 508415 517996 864367 882497 95681 640195 265414 728608 400692 513438 444555 343835 892567 705369 41451 337635 606960 71393 379223 809052 309772 288125 571464 
988984 480469 175008 579218 55755 871342 504460 883172 348985 730907 124025 435600 833805 762254 805133 41089 376771 250216 353866 878797 122266 200989 730242 83733 769052 598106 420215 190903 473900 647324 369124 105901 467445 163126 392731 883149 910636 273141 391879 408813 691987 314819 370087 154944 986438 39537 115617 995852 463458 906896 
306371 318966 869845 873922 136633 542632 99174 241991 991193 965591 97175 779761 272028 130977 683689 646207 946027 176770 5101 65018 47805 441960 785925 120420 977011 685635 42374 816099 573222 262184 639967 350164 936318 107513 970573 823827 946353 662637 419451 35615 802440 554624 8791 346883 208792 383821 258170 368850 19978 63242 
821685 112531 572453 495417 809059 451830 297664 318499 74805 324678 780911 308651 359709 371456 751502 640575 418777 828206 790418 494072 407269 562413 544782 740722 567710 908870 159282 823713 613608 681832 194127 262316 121019 463689 649363 201933 224964 966146 772607 20678 280490 939157 442912 724787 606626 137510 857523 747315 326179 109768 
221831 156513 810331 358575 134355 210191 86498 547917 7693 885273 742293 340639 404653 711134 830227 202190 157393 560540 654626 276969 220059 975758 355713 132310 776587 96233 466821 284009 944024 713301 958977 769130 23129 535959 305920 12640 990006 403109 709340 359589 760992 773125 904687 227540 585857 272696 769922 53029 274054 727336 
671974 67086 728872 239621 402452 943435 94267 569677 932172 859015 10781 234033 695849 391471 703382 503814 337411 268108 115087 810689 214801 896375 344312 429181 211314 149764 348500 976226 964261 820649 232932 836635 678920 190539 633590 5856 927126 257034 754088 757901 648927 107948 137780 837400 911116 230145 608702 176809 497699 432527 
351812 311995 753948 678022 221363 711789 958912 806826 200756 995520 204472 550862 38310 724873 463411 176233 567714 515414 752477 913383 986806 142169 71016 715463 780758 696950 131463 521161 35915 232212 940553 102434 478753 95076 591236 5382 58566 985087 721516 430497 444555 117989 716602 949064 402858 706440 382788 680872 20446 112821 
687880 842023 694730 381572 462093 974810 307286 761572 292980 868913 862789 778100 270313 533869 925863 501670 391944 667796 890109 756470 431229 816487 288457 968574 719155 487993 655382 511705 551178 151242 518560 963749 39481 22692 520315 370896 211843 786022 344310 952758 564463 803478 741971 798483 46693 831658 243069 491195 762692 672929 
981198 255164 666546 175046 640014 815556 191495 429620 714798 886690 311238 34231 127744 435444 979708 504191 299312 117367 996332 698619 235502 403542 354596 697750 311647 694383 608510 869561 655901 462570 712046 253199 367283 840560 284882 734291 62908 379152 810008 493495 383173 84477 551808 283249 970312 93402 928285 430240 944369 213355 
911676 601859 604491 767043 423088 841574 646516 2674 836250 127689 514154 119793 373777 771310 744137 705545 849483 209345 596750 163115 575534 724433 897986 19820 783138 437075 176685 790969 146951 719475 432920 217222 500142 325676 632162 705562 88473 585448 720505 389669 275481 295295 465496 177056 983561 684978 565328 983292 514867 156721 
877877 904534 997969 162334 792920 311197 192653 824930 762908 567767 439571 421209 109627 210416 42116 221672 189000 497907 747179 566075 496503 29987 580782 918535 702410 198083 941113 905888 454040 865244 263781 607677 780217 944675 68337 620398 794657 456167 134342 210237 14390 366451 598099 708498 155474 211564 678389 807677 126020 622499 
463501 132299 576832 570828 984805 440066 859499 238318 43120 179913 866602 304844 761602 463839 232230 454162 936181 352698 78395 896271 169051 440109 264721 400510 581548 989621 49354 579504 268061 892419 79045 576464 963782 925348 821194 620835 712768 230394 952971 6834 944566 263973 761310 186338 915547 625971 482648 271341 66421 271395 
488885 238393 770024 86048 609407 844759 417093 849035 660438 367469 160400 531391 611613 922276 863828 5375 165984 426889 158127 364969 148341 223198 753262 775610 340246 554421 770206 508455 707133 902540 617654 418426 361164 738670 594647 952908 337285 211006 323066 701285 626119 968030 264020 602100 750116 264822 998047 715626 502128 114121 
16622 718666 748528 294952 287344 964977 458061 477981 369498 971449 950613 449751 451371 772775 731736 102487 945761 120941 505662 879152 790190 412388 744255 303482 199550 132294 559239 753667 352968 352861 404193 347875 988974 863649 860857 732597 676364 736886 461920 171804 590749 39113 26517 743713 18816 214336 816859 257001 194133 849497 
528824 417055 506930 551903 919505 384976 162916 413936 443783 752141 981583 877264 835647 432134 436806 668891 497999 896660 318600 999767 612201 12416 82310 367631 92138 461772 558627 348877 972099 415860 959815 876301 175778 828137 699471 262889 385113 471109 445766 565313 297500 709323 687382 689211 880099 88371 883898 371813 216059 954783 
683585 129645 647981 586085 281566 252777 455248 354963 738153 371007 882234 143543 236215 312168 156228 605812 594122 14434 3746 996673 615182 786912 111341 543715 614201 267488 905651 650637 886936 240688 422317 264487 807165 97280 739383 952747 699871 903049 614176 975699 621238 611482 329606 932715 543782 526702 722306 333628 635019 107076 
117972 198575 712772 577194 8666 427048 163353 638479 136094 549344 644261 170007 917279 91117 174113 936443 704765 227126 535616 189254 97388 83371 998459 343761 572031 805930 176415 909506 111961 726354 657142 348886 638912 80889 918166 481786 658261 117761 157644 36299 431872 636365 907250 117178 654383 862373 708647 910806 648897 809891 
227416 506177 565399 683407 820324 829219 633032 698032 225771 961750 132610 750755 488919 188346 714608 714877 844859 45599 900541 374764 179240 694018 663740 539057 930599 827893 685267 732599 729027 953879 970971 6683 917993 901147 975207 119037 630967 230179 662890 919133 597735 351873 523811 392710 986458 446690 745758 998497 174381 946981 
150879 823491 832767 396113 505143 718049 150664 946477 139494 285201 800700 435417 629295 400218 936381 118747 741355 180075 637060 156478 101367 159602 472212 890177 21546 61099 637714 78113 573367 3530 347431 580163 84030 446252 234385 208670 71080 935859 219800 913062 15402 733749 435482 65665 470745 951593 354702 615159 831713 595976 
159483 726549 899035 384328 191209 899703 186329 526083 418644 203452 890158 735432 992974 298426 640697 573896 125495 434923 21320 919317 93839 735504 340442 415393 830603 958291 909633 658100 897668 568342 92069 998665 146651 482919 232837 930239 965497 522167 897799 37205 859855 120821 922459 399126 312381 146892 432064 50415 528709 743559 
178685 937072 386252 401760 530834 977210 637226 123598 796736 310519 82953 788132 329928 817665 504940 860087 968865 318247 677238 517521 39241 28073 128891 836965 663281 950156 314076 759278 698479 23789 119823 159424 516854 938032 835713 232085 993409 88613 306744 113372 243569 299016 341622 160365 347107 595338 860694 653445 47478 786739 
65805 498566 819924 376786 860627 167675 153721 652427 171061 185224 307097 450377 914229 419357 749289 105238 818625 900697 313438 622088 467300 438637 996563 708325 409227 517023 695003 922417 444493 607741 325264 571403 695334 374922 411241 625505 794917 815777 194250 172275 169894 721229 905319 697101 260413 928147 384391 703090 739643 807162 
873999 939587 591343 739183 914665 425934 603023 925326 928172 44569 598725 389435 460136 544997 577625 103652 512440 404176 178127 286771 949060 193673 208366 384448 529985 444244 872905 2887 534760 776371 440269 288875 297558 262973 670083 514773 99968 746098 581189 44427 430594 490930 557861 914810 962732 379776 789387 471751 108206 843594 
886171 148989 761224 631131 283384 794203 577000 436065 443605 947687 819448 726728 403726 263889 477295 546903 426811 14103 3769 372897 750131 960805 519757 527059 693025 197375 730744 118124 195289 535605 758729 433362 461711 964086 976925 68268 168719 111461 297033 61765 115800 901793 496673 369551 87028 553430 258698 732953 449308 578545 
241367 822806 709633 494766 126851 75350 240994 992094 242152 646491 665464 402476 776642 502742 926330 753241 490059 573024 983097 795518 598051 920220 168992 823317 150676 511708 95997 510280 719265 794973 509250 308435 352023 960707 809221 412133 217391 347324 482365 159754 666428 791951 616137 858639 438378 178726 535675 483915 249516 887059 
305819 876398 153897 966744 942178 901568 479498 668006 931315 477061 772216 797732 847825 439469 238577 415766 216265 748250 7797 229144 949626 763507 967857 343440 78427 215098 338275 24131 606348 699382 2438 242512 387493 56758 123894 954471 384745 697412 214810 182662 745670 116981 832614 597073 936926 593751 416008 383218 695670 662865 
459799 925643 229217 628273 658323 780039 94272 631058 635191 795897 660316 932055 562732 61085 608204 543583 117210 172088 70851 99435 716413 119807 908733 983234 475423 482056 741122 831481 329651 619993 759386 178241 190254 500353 559768 405522 89938 686408 614331 710675 3913 111649 603934 150911 59548 670654 902999 167758 117079 971350 
135980 363091 405669 954831 185828 422118 27630 741555 238848 571641 994428 420832 866493 86287 876917 628611 123665 168008 863373 400049 73780 130667 412837 180143 470076 692585 861032 959199 656651 551739 229673 770655 583537 217326 19165 916721 63105 522316 399736 84060 56621 690499 569746 592227 725710 199572 633579 59608 893252 155571 
868632 296829 298362 902239 528232 172243 938903 138834 323258 129762 430934 682985 861453 504921 496634 331733 572176 662110 406192 50605 319934 484376 163443 845425 325803 889361 203247 229113 659921 148842 881106 88805 874363 948522 607194 70019 598382 392822 305790 161792 588578 34537 522396 798977 8953 177920 810952 853094 459132 925901 
152253 948312 316492 32363 986541 938398 417004 933593 654487 465859 477884 96915 737441 853606 444528 784331 914557 317148 166996 249829 680569 695288 380793 546595 951906 724097 256827 485321 306368 396203 192045 121662 866333 905394 268826 79600 271891 671559 860697 871402 536826 584469 336393 97132 975425 935705 246049 565440 468369 957168 
552779 597929 902402 237780 33028 28404 200737 890008 144521 806577 557077 790218 236216 981983 363884 413891 450418 422997 883570 812852 409497 473895 714978 643196 678850 859144 529362 596998 392902 492565 344771 673002 458749 979960 216346 280477 292937 694212 76099 895029 638455 633654 788690 46375 5332 981741 823734 570553 480863 504450 
56249 710870 870846 684749 262262 812893 22693 487866 489620 105745 235349 693525 990541 807492 946162 386842 618030 769866 695130 827184 721764 40384 186761 318777 284901 646939 525978 741141 100536 722610 580251 245826 731350 872337 390698 756801 49042 207282 824393 209917 949173 576736 295604 889967 886695 20365 114595 27532 785741 379353 
